1072
81
36
5
6
7
8
9
10
11
12
13
14
15
16
17
18
19
20
21
22
23
24
29
30
31
32
33
34
51
52
53
54
55
56
63
64
65
66
67
68
69
70
71
72
73
74
75
86
87
88
89
90
91
92
93
94
95
96
97
98
99
100
101
102
103
104
105
110
111
112
113
114
115
132
133
134
135
136
137
142
143
144
145
146
147
148
149
150
151
152
153
154
155
156
157
158
167
168
169
170
171
172
173
174
175
176
177
178
179
180
181
182
183
184
185
186
191
192
193
194
195
196
213
214
215
216
217
218
223
224
225
226
227
228
229
230
231
232
233
234
235
236
237
238
239
240
248
249
250
251
252
253
254
255
256
257
258
259
260
261
262
263
264
265
266
267
272
273
274
275
276
277
294
295
296
297
298
299
304
305
306
307
308
309
310
311
312
313
314
315
316
317
318
319
320
321
329
330
331
332
354
355
356
357
358
359
374
375
376
377
378
379
384
385
386
387
388
394
395
396
397
398
399
400
401
402
403
410
411
412
413
435
436
437
438
439
440
455
456
457
458
459
460
465
466
467
477
478
479
480
481
482
483
484
485
491
492
493
494
517
518
519
520
521
536
537
538
539
540
546
547
548
558
559
560
561
562
563
564
565
566
572
573
574
575
598
599
600
601
602
617
618
619
620
621
641
642
643
644
645
646
647
648
653
654
655
656
680
681
682
683
684
697
698
699
700
701
724
725
726
727
728
729
734
735
736
737
761
762
763
764
765
778
779
780
781
782
806
807
808
809
810
815
816
817
818
842
843
844
845
846
859
860
861
862
863
887
888
889
890
891
896
897
898
899
923
924
925
926
927
940
941
942
943
944
967
968
969
970
971
972
977
978
979
980
1004
1005
1006
1007
1008
1021
1022
1023
1024
1025
1044
1045
1046
1047
1048
1049
1050
1051
1052
1053
1058
1059
1060
1061
1086
1087
1088
1089
1090
1101
1102
1103
1104
1105
1124
1125
1126
1127
1128
1129
1130
1131
1132
1133
1139
1140
1141
1142
1167
1168
1169
1170
1171
1182
1183
1184
1185
1186
12051
2061
2071
2081
2091
2101
2111
2121
213
1214
1220
1221
1222
1223
1248
1249
1250
1251
1252
1263
1264
1265
1266
1267
1285
1286
1287
1288
1289
1290
1291
1292
1293
1301
1302
1303
1304
1329
1330
1331
1332
1333
1344
1345
1346
1347
1348
1366
1367
1368
1369
1370
1371
1372
1373
1374
1382
1383
1384
1385
1386
1387
1388
1389
1390
1391
1392
1393
1394
1395
1396
1397
1398
1410
1411
1412
1413
1414
1425
1426
1427
1428
1429
1446
1447
1448
1449
1450
1451
1452
1453
1463
1464
1465
1466
1467
1468
1469
1470
1471
1472
1473
1474
1475
1476
1477
1478
1479
1491
1492
1493
1494
1495
1506
1507
1508
1509
1510
1527
1528
1529
1530
1531
1532
1533
1534
1544
1545
1546
1547
1548
1549
1550
1551
1552
1553
1554
1555
1556
1557
1558
1559
1560
1572
1573
1574
1575
1576
1587
1588
1589
1590
1591
1608
1609
1610
1611
1612
1613
1614
1615
1625
1626
1627
1628
1629
1630
1631
1632
1633
1634
1635
1636
1637
1638
1639
1640
1641
1654
1655
1656
1657
1658
1667
1668
1669
1670
1671
1690
1691
1692
1693
1694
1695
1696
1697
1698
1706
1707
1708
1709
1735
1736
1737
1738
1739
1748
1749
1750
1751
1752
1772
1773
1774
1775
1776
1777
1778
1779
1780
1781
1787
1788
1789
1790
1816
1817
1818
1819
1820
1829
1830
1831
1832
1833
1853
1854
1855
1856
1857
1858
1859
1860
1861
1862
1868
1869
1870
1871
1897
1898
1899
1900
1901
1910
1911
1912
1913
1914
1935
1936
1937
1938
1939
1940
1941
1942
1943
1944
1949
1950
1951
1952
1978
1979
1980
1981
1982
1991
1992
1993
1994
1995
2020
2021
2022
2023
2024
2025
2030
2031
2032
2033
2060
2061
2062
2063
2064
2065
2070
2071
2072
2073
2074
2075
2102
2103
2104
2105
2106
2111
2112
2113
2114
2141
2142
2143
2144
2145
2146
2151
2152
2153
2154
2155
2156
2182
2183
2184
2185
2186
2187
2192
2193
2194
2195
2222
2223
2224
2225
2226
2227
2232
2233
2234
2235
2236
2237
2263
2264
2265
2266
2267
2268
2273
2274
2275
2276
2304
2305
2306
2307
2308
2313
2314
2315
2316
2317
2344
2345
2346
2347
2348
2349
2354
2355
2356
2357
2385
2386
2387
2388
2389
2390
2393
2394
2395
2396
2397
2398
2423
2424
2425
2426
2427
2428
2429
2430
2435
2436
2437
2438
2466
2467
2468
2469
2470
2471
2474
2475
2476
2477
2478
2479
2490
2491
2492
2502
2503
2504
2505
2506
2507
2508
2509
2510
2516
2517
2518
2519
2548
2549
2550
2551
2552
2553
2554
2555
2556
2557
2558
2559
2571
2572
2573
2574
2575
2581
2582
2583
2584
2585
2586
2587
2588
2589
2590
2597
2598
2599
2600
2629
2630
2631
2632
2633
2634
2635
2636
2637
2638
2639
2640
2652
2653
2654
2655
2656
2662
2663
2664
2665
2666
2667
2668
2669
2670
2671
2678
2679
2680
2681
2682
2683
2684
2685
2686
2687
2688
2689
2690
2691
2692
2693
2694
2695
2696
2697
2710
2711
2712
2713
2714
2715
2716
2717
2718
2719
2720
2721
2734
2735
2736
2737
2738
2739
2740
2741
2742
2743
2744
2745
2746
2747
2748
2749
2750
2751
2759
2760
2761
2762
2763
2764
2765
2766
2767
2768
2769
2770
2771
2772
2773
2774
2775
2776
2777
2778
2791
2792
2793
2794
2795
2796
2797
2798
2799
2800
2801
2802
2815
2816
2817
2818
2819
2820
2821
2822
2823
2824
2825
2826
2827
2828
2829
2830
2831
2840
2841
2842
2843
2844
2845
2846
2847
2848
2849
2850
2851
2852
2853
2854
2855
2856
2857
2858
2859
2872
2873
2874
2875
2876
2877
2878
2879
2880
2881
2882
2883
2898
2899
2900
2901
2902
2903
2904
2905
2906
2907
2908
2909
2910